8147544
1329339
2229966
4793881
2052585
3556479
2986988
6152868
9762167
5939941
7560061
3724035
1548879
9370035
8846083
2784269
7799807
8355116
8949571
5728128
8022240
7925809
6158835
8952381
5395392
8443525
1748872
1988271
5151895
1560363
3546736
3286825
7600047
7962397
3039320
3753834
5766959
8363825
8464231
8270089
7670724
7044133
9360004
7820845
9477982
4172804
7531969
5416507
9810391
3931135
6103939
6760692
4083163
5564299
1838894
8967756
1317758
5626967
9957049
1599903
3299398
6191760
5116766
8375449
8369969
6942727
1908805
9177008
3753075
4712361
5499189
2467281
4699233
3586406
2213503
1486975
7874799
2758418
6454539
9046820
3471484
4320248
6374127
8532315
7091520
1295789
8385727
1149487
8995568
8477761
2140194
1536725
6172518
3138150
6699192
5493860
6283651
1136038
8220419
9704118
9379374
6237032
8683961
8127436
2249681
5655719
5694753
4727808
4640372
5553256
7858016
6766196
5574932
1457187
9748272
5099483
7825202
7355828
8923786
5509351
6281614
6208304
8771094
4320579
1377138
7666064
1662222
6892601
1974174
4088961
6920705
7137321
3736994
3658730
6458436
3740922
5982635
5819646
2109442
6640915
6940109
2177380
5573794
6542997
3198743
6846255
2698385
1417752
2649313
6883323
8285573
3645892
7130228
3595197
7435020
6808258
1920330
6513330
6997906
8654358
9588114
7933952
4252818
6639464
3966384
6805830
1914499
8191226
6741953
5469488
1168026
1850622
1260700
8892352
4955150
7661305
4341637
8525924
1412032
9049589
5403162
4266835
8269311
6926495
7447130
4748647
6282068
5748763
5969469
8927222
6902846
1114216
5060102
2635916
6331183
7351028
8849181
1789222
9868957
3266785
2086668
8847872
3235529
8547488
4531385
4643976
1456580
6237225
7018726
6490682
4437252
6657063
5652625
5081002
5555841
9927288
5044438
2272698
7206539
6208217
1555963
1489206
8220981
3762992
8041532
1888216
7699526
4252266
8288249
8745418
8569236
6142405
2843753
2440785
5352877
4900745
7711671
5574861
9640487
6855220
1888683
8705741
9882182
2917045
5162319
9353089
8031492
1489647
6733908
5978162
4116387
7475505
2162469
7345070
6925752
1948688
4532769
3989447
4161344
2125865
4005989
9335129
8188022
5483398
9040637
5962908
2249318
2497083
4443896
5080317
4878304
5857069
1239123
4603385
1197133
4274111
2122022
9124313
6564257
4910717
1854446
1473221
7143426
3246707
5375570
3796880
9253877
2991971
8262896
4463899
9432540
9417436
1875899
5243349
8762926
5380459
4740284
8148045
1364219
1529889
9946006
8508892
1200147
8129340
5218589
1217873
2983395
2859956
5912312
3436921
7711548
9289228
3536516
4773763
7169174
9285348
6971712
7873922
3523181
2010677
2189075
2858375
9359896
3523264
7261409
9899913
7966720
2502889
3235631
4374233
4103507
8208643
6244577
1719824
9213669
7509596
3150085
3249543
7661539
2870761
1549906
5458636
9285152
9509365
9004747
3043680
4716499
2892847
7680226
5416560
9230739
5589873
1671739
6404513
3770916
2930426
6518150
7418053
4957724
1309642
2292548
6967887
8952739
6680996
1487620
1754111
8817973
8469962
4552039
1540393
2509100
5302047
9513541
8881952
2669654
8763598
9990896
6337814
4910914
2261949
2299381
7778651
2754720
3079561
1237477
2339134
9834700
5523034
2452384
2860108
5944646
5980927
5239652
6338684
4806348
1747614
3339474
9715514
1465919
7399794
1146092
7186551
2547002
2794311
7693113
8122413
6257552
6728794
4984259
9342278
4547470
3972263
6814184
8368328
8859773
4231727
8972650
9209155
1765689
1296858
2485548
9082777
7162837
6717679
7601712
3233233
3462950
2417634
4443209
5051447
9213725
2306413
3182833
8630855
6693830
8837661
6297313
1843285
2166562
7371550
1310888
2431043
1207945
1562820
8287784
7978056
6202540
9134316
3371889
7116365
9332554
5723586
2695532
7230637
9130769
6394107
4908813
4206357
6716758
8572506
3720935
2687582
2297633
1951161
5436571
4492305
5042307
1651577
5190411
8090256
6322624
5666334
2222430
6322769
1138911
9416278
1477203
8527479
7748939
6727387
6744042
7485803
6204445
8127893
6363054
6629970
1136252
4074547
9401651
9666180
5469877
1118338
4912333
7579252
8581511
7524913
7985502
1902639
2213740
7918456
7126115
1432488
7066293
6015300
7155272
6550878
6932264
6270123
2952612
3846435
3040651
9631061
5761316
5764345
3751172
3198106
2705739
7859608
4182361
9709899
1867754
7653127
6988771
2639949
5366640
2124482
2997457
9855577
9643162
9541987
9417998
2530066
2564251
1392779
5614939
4806111
1928537
8703569
8694512
1257276
6142912
5640091
8850685
2630996
3556564
5433193
4484558
1519015
4697700
6890211
3396211
6883435
4272217
9684559
4906306
3950471
5853235
8686161
6380370
2948484
7602858
4149745
9106195
2124826
4601636
1575903
4457547
9715016
1909257
6364508
3448577
4329217
2360090
8066547
6777527
3050133
1343218
4267868
8881344
7428573
3643854
6615525
8033411
2098383
8010218
7442112
7811894
4240835
6595556
4000834
6900938
6130217
4544457
6102696
3234665
4449777
5959400
7986003
7869976
9207872
8625637
3984294
1653404
8781865
9398520
7235596
8848583
3640785
4023874
2323711
7080174
2542195
4198666
7262740
9565480
3530820
4714388
5882805
5715214
2839425
9136783
3205717
9896888
9210066
4300642
1855663
1536332
6134884
8356527
6451772
7975965
3465644
9397160
2817164
3012942
5326959
4594155
4745426
6730712
9091675
4911231
6224708
9907916
3477568
3334439
2554045
8710602
7685821
6150133
2363932
5837746
7212940
8339545
6628057
9122153
9607806
3925853
6721863
8618146
6218245
8734964
8599293
9324848
3556398
8976734
4190697
9183021
7247259
7860871
2278424
4964278
4917951
2094679
3722897
2293243
2139802
6169337
9853939
7805258
6153769
3411299
7697992
6410866
6957689
4465751
2217000
1116145
7295375
7163864
6982126
8340283
5696281
2084465
5446471
3746999
3916815
6268128
2669947
2674990
5583119
4314089
5083025
8842101
9498920
5007299
3606606
6678766
2533404
7167117
9979992
9445787
4770689
5249422
5150498
1791754
4402799
7596732
4090154
2404729
5501669
1804945
6914464
2124144
1364601
3382643
9919612
9417118
6278754
7548968
8358131
1349071
8755333
9450853
2051246
7374163
4476855
4199026
8293342
9566580
8618938
3771958
2241126
8436136
6115369
2557277
1816343
7847435
5023140
6724678
2829506
1815489
4668609
5124162
9409177
4284839
4889008
4106648
5260662
9200205
5875910
5014807
5543980
9490233
2101508
4224582
2928110
7260952
1847835
1139626
7435742
6502082
4061671
3642581
6728281
9178230
1738970
5645223
5038406
1751095
5685194
2143272
6849098
4981715
2583789
9061661
1952316
4580431
5472091
3702284
9382615
8590034
3913969
8062908
1294785
7301991
3041061
8588676
9063699
8530086
5430999
2899379
4923604
7641205
7071218
4758647
9385691
3009187
6713698
9778321
7126801
5973211
2565494
9295218
2353670
2719135
4477242
6385176
8782388
6441100
2353662
3545855
6014351
6114519
1581752
5313301
4732201
4362088
4357131
1164108
3564036
1442291
9312783
9444570
3623768
1685871
6849862
1918175
5416735
7811618
3197510
1624329
4637227
3121165
7483747
3269610
7631263
3025442
1349853
9921290
2207933
8271789
9038127
4066363
5536604
5275513
1481727
6660485
9307809
4030023
9068448
2602869
6021952
4240078
9089191
8401807
7783429
6088175
4620654
3673051
6189970
4103474
9958449
6077224
6177312
1795612
3060615
5252199
9357279
8644451
8065221
5473292
3956816
5030136
9388252
5996731
3675111
8735468
6235590
5227241
3714760
5481852
9488810
1528811
2933561
3428533
7599019
8202935
8878116
7945042
5984471
6192577
8071129
5071430
7586068
2556680
4245604
2228455
4676054
1191179
2291678
2992588
1262907
6636574
1245540
6626438
3398490
5899228
4367756
1761935
3314008
6435058
5312790
3581716
9771460
2473611
3935442
3727635
4703984
4023499
3174952
5333145
6628308
3148452
2215936
9871588
2743913
7017206
6227735
1792584
3011812
2539905
5198269
4832273
8179236
7884836
4792267
2164265
6697262
3308173
3028582
2682445
3634903
3060155
4158953
5408377
2517858
3454469
4033692
4033422
1699845
6930586
7454538
8330105
1524595
6460124
1993160
7234342
2986535
3200782
8309847
4169007
7213443
8096612
7811589
7223094
5398741
6103869
9467306
7694162
4530874
9603955
6592527
7631181
5973930
3776209
6761225
4263466
4158469
9310361
7751804
9022801
6483546
7665799
4314166
1693030
5850606
9032597
5566100
1677978
6263138
7861026
1510443
4635448
4537703
4595098
9530912
3804668
7745902
7862951
1835292
3447274
7502765
4241401
2861213
3695804
2646734
5721039
1384473
4621073
6049769
4831924
4395192
1959965
7661726
7632316
7153044
3482268
2846090
9582800
6626076
9132681
6486753
8413040
9220708
9372542
6857053
7781332
2687572
4328723
9674306
4600625
6345453
6055424
6573112
8862420
7969489
7713852
7283014
5526467
5343386
7664580
4244970
4265825
5183198
4512143
2399344
3332023
9830090
3029784
6058972
4256764
3098746
5733107
8699118
5227616
6580967
7491954
5833024
7507667
3083621
2049709
4027636
7370393
4862318
2969950
1140055
5978534
5672659
9435153
3875748
5265115
8738461
7669556
9991262
1917618
5023415
1880027
8690647
3853577
2098311
1942215
9653574
6965269
4158161
2890165
6237618
7078688
9016153
1458004
9455802
6272760
5682581
9998523
1454417
7429079
1622753
1416342
1620328
2119728
3678350
9716600
7285254
6167404
6358038
4736356
6821003
2967450
5164759
5912671
6094354
9905000
4577668
3767191
9975323
7573733
7982109
5488393
5052594
6391138
4105793
9929182
1517329
5348137
1589278
8006971
2660286
5497316
6644670
5480613
2629456
2820033
7392277
6740015
6270064
3731275
3710747
2587480
7696053
7032712
4586350
5097004
8171363
4592204
6761263
2866680
2539715
4270172
5781749
6272642
1161162
2698446
7312134
2570219
9110367
5396318
3840131
1182323
7495281
5148144
8525178
5766880
9847655
7432020
9145977
9293894
8242618
2681470
4920068
3441078
7505249
7487534
9823273
3426120
4605309
8013031
6942772
8621426
6395457
7032703
1418010
8546667
3151371
3685257
8715473
5799539
9798629
1819305
6782006
6972027
4703077
9590796
8465234
3143085
8359355
5191831
7537964
7476217
3773134
2045358
3975113
1922075
6696320
4306473
7164446
4339936
5458985
8125473
7538042
7372322
9904984
1845721
8189643
6568051
5494382
6173970
1751912
6656519
4590822
7554354
1737135
6842348
7793784
4654704
5772413
7131233
8233516
7520265
6926737
5336927
5372836
9885035
8732471
1322969
1161677
8350871
5653092
7218135
2971856
9221619
9373689
9892536
8037190
4184461
8989885
6857423
3598427
6064675
2402445
4521769
1335000
1338851
7476053
2181401
1163326
2876188
2681493
8588484
8579785
2895164
5982470
2952624
5725734
3454268
5177669
2941912
2214141
3917661
2264808
6154844
5923777
8252378
5391682
5299857
8951437
6385966
9839682
1221020
8256603
9304504
5162129
9169748
9470809
4378330
4703770
4889336
1311748
8056860
9216993
5356172
3718637
9641355
8916708
2756690
3336367
4116374
8543435
9835784
7311504
9905064
1756792
1499463
6373209
5978119
9413334
8554185
1392341
6981735
5079750
8657057
2319271
6997719
8576487
1259292
4946944
2210453
8407587
6384989
8694996
5583211
2875827
3197427
6185430
2641011
9589162
4434685
7702368
3271621
4804947
8652045
3894951
2786264
3590675
8119377
3751880
6728637
4303205
7691419
2517566
6101420
5241262
9586268
3795527
1457482
4483613
5764394
3974429
9892386
2647966
4762551
3049959
8414684
4692682
1626518
7426971
1602167
3788828
5531737
8245468
6079223
2691288
9382916
5365919
6253487
6261235
3985730
6079992
5892260
5859016
1416261
2979071
7840550
8392982
9975227
9529761
1962110
6183993
1860648
8293081
9498648
9873141
2181221
3200195
3720377
3455456
8367963
7120531
5379033
7221340
1181806
9575299
3385087
6718516
1339856
7147072
4180218
3670450
8451893
3129422
4685665
3750295
6683228
6311767
7874309
1632422
9212918
8402471
7814371
9375083
1259855
9953168
1994584
2886978
2923899
9139092
7039354
1138798
3580748
4407692
6490041
5836135
9404698
6065415
4237062
6958128
9654149
6256077
5743208
5257797
6636028
8304692
2995406
7431158
9423682
8229302
8383015
3341844
2749327
9988978
8024757
6954392
4803597
1584096
4967395
4777389
9484638
2468969
6666041
2169496
5022250
2707711
8753243
2403624
9374579
1724565
3009592
1314378
9569143
2014201
2975738
4178094
3222462
2793658
3599077
8212861
9046434
3744202
5548427
5169951
2556489
2118691
3829986
1717116
4197395
1819496
9661345
7740835
5630416
6165169
4181977
9714607
2653424
8422896
2755669
1589605
8895158
9869287
7944887
9348052
8014586
9941416
1608950
7324921
8633878
3517681
3014838
3457820
9507708
1296381
8092054
2705348
2380049
1646060
3376486
5132906
7244345
9567244
1524373
8361515
4884921
5845611
2757746
4572314
9633027
7265382
4339736
5579410
6081930
4900411
5359293
3516739
3455222
2668106
3973789
1530269
6975991
7868113
6935631
3593599
5432611
5517732
7344632
3304914
6663783
6202613
3504961
9777780
1512322
4068839
9209288
3102801
6493238
6386765
9148552
8239920
3083093
8457205
3435339
2153309
8295275
6732081
6097153
8119974
6629511
7890271
6151072
1399930
1173813
2149123
8767762
3969053
8928021
6309017
2283005
9205065
4203059
6764446
8642425
9204073
9453867
2309389
2656131
8731565
2382176
2356807
2241416
3417971
6831140
9385485
4404249
5680011
7145150
3635025
9360464
6969542
4727288
2275143
6407022
8001508
3101152
7657676
6626411
4436486
9005100
6498107
2371302
5428162
3665385
7964688
3669728
8552880
5198918
4137285
7847956
5638874
7672880
8185952
6177798
4498245
5086567
2869013
8666814
8841630
5635766
3174370
3468286
7824955
7246870
9832906
5685815
6606176
6459692
5921387
4054380
2563233
9611230
5644846
7922636
2372828
3871994
9090202
8947772
1954908
2734567
9866532
8410052
1198017
1995995
4625015
5664032
5154330
7767821
9740434
5161914
8090822
6337556
6019987
8944897
8216761
8140586
7489513
9701782
5669778
8213631
1122289
8001056
5804798
2604537
1211817
9624484
9396669
4641073
4070891
8119984
9475923
6489526
8037002
3280994
9197456
3286241
9023837
5375053
1332171
2984261
7528885
9630291
5700575
1836688
4525217
9289496
8020371
8333050
6361121
1181100
9555147
6375746
8194037
9075455
6556542
2430219
3437619
7658119
4285224
1422563
8342621
6066227
6816003
7953482
8513972
4387121
5641472
5897410
8074085
8789114
2326860
8868100
2044994
8619530
4150701
9442056
1201368
3433239
3758133
3909479
8720856
9750725
3063461
1932770
8340840
8198975
3244352
7060956
2687902
4171875
7365692
7051816
7128583
7105900
9122837
6219796
9313028
5325460
1220570
8267440
3381621
7070521
7304500
1856926
1238017
8306529
3497130
5157463
9462689
6706871
4868918
8453146
9143714
5884068
6220597
3449240
2896701
3938288
8158210
6509473
7581913
3831179
4513107
3436216
2404692
6291739
8912234
6296924
3429680
3693730
3150232
2801516
2183606
9166046
9133584
2861743
8049375
3738893
2495248
1891373
1371667
9068839
7427340
4056125
3054823
6937256
5998468
2189705
8467470
7357621
2165543
5902209
8433669
6620984
1803919
5869556
2725908
7514261
4258735
7022502
6470087
6012815
8068096
6949327
7875098
4320690
7902206
9178730
4122131
3068811
7342500
1142503
4915821
4340740
7588731
6584492
7875376
6178860
2457524
5299618
1413754
9407453
4031062
5330687
4323154
4942993
9620044
6104102
2046905
8800056
8550892
6275561
2926471
5893113
4861318
2769285
4403216
9061827
4630414
5329535
2186082
3504750
3877571
7557303
5997641
8213811
5879748
6134319
2815088
9996670
9049948
4488658
3467780
9993044
2660036
9643010
7201450
9604708
6326427
5622044
6805334
1275097
5483636
9584487
4503189
9134398
2741970
8941353
3127173
6592893
9027140
8532222
7775405
1212323
2299395
2584092
8102180
5863671
9316045
1970854
8142384
9968366
8801016
8142502
2687040
7587241
8086195
2096649
8281580
7542979
7970625
4925917
4693831
9367760
4197136
2355089
1514605
1822288
6533934
4428433
7418243
8861522
9990509
9043475
2150359
9058482
1126961
2714923
8535152
1886567
3877856
3233342
6998308
4321834
2118941
6740283
1974644
6173189
5110078
8275561
6075429
7903559
8539066
5519465
6861419
8010615
3415638
5728044
6980603
1445073
1465734
3261545
8761149
8465543
5639708
3480039
5953748
2424735
4690301
2339733
3041697
8159187
5697472
3984857
1255096
5075173
5176496
1838358
4619942
5890547
5364693
2050040
9391755
6096007
2470620
8297305
5910457
7054679
3817363
4433257
1281530
4996155
2944132
3451821
8816065
4782131
8312578
8042076
7031945
8679559
8034251
2037970
4286186
4696764
4394574
1750528
2700391
7675115
3254015
9200765
7836121
6239373
3370496
7794704
9408551
9426286
6624155
3528953
1998856
6910028
9422571
3322177
1945723
9763951
5291844
6772777
1468878
6532111
3749147
1329690
2045449
3636684
2931931
4795738
4078341
4587014
4320633
5239610
3159854
7083965
2634920
2685108
3407604
6874368
5599723
2221581
1979278
4581423
9785938
6878510
2144124
9684192
4848554
3346683
8278032
9776294
8332897
2610638
3805329
2733391
8608606
7326869
2403620
2054746
3479893
9327720
8914211
2503427
8791457
1729797
4779399
7878986
5892296
4289280
1133527
2529714
6729924
9462813
1678738
9591537
4567969
5024859
7186425
9802248
1853966
8279639
7322210
5197594
6334764
3809627
9202408
1710387
8132728
9225824
4852867
6585706
3755601
5491567
1666187
7615522
9058373
4387278
2030099
8358837
8406894
5419936
6632384
6915639
2614542
4967995
6406596
8108839
7026684
5400364
2910118
3174055
4520445
3620256
8853898
1692176
2846082
2610720
3829535
5817070
9344888
6084662
8292215
2682082
6263239
9569695
6648046
8485104
3020737
3355349
4324516
9396153
7273859
7665180
7016189
8938882
9932794
6948944
6027351
8326319
9149884
4557631
2974055
9031748
3718183
1997806
7442557
1806366
1270508
2444930
8590002
2265551
8862650
4877373
8656739
4175488
9807976
5401126
1225563
6819508
6191700
6958611
8287058
7162839
4486141
4446903
3528050
5523264
1186284
2360892
9864259
5218402
9481082
3287418
8903845
4609939
7232106
7475253
6085688
2391231
8051875
9670015
7627191
4347924
5550029
1807725
9272548
6481355
6833828
1889720
7084980
7435497
7240163
9548586
1403458
1242630
8275686
5665069
3362558
8677421
9872799
3284806
7700811
2365132
8286016
7643374
4075696
5870656
4646012
3994506
3420104
7100541
7798663
7507813
7811374
2361158
1938907
2114323
1374608
4011445
8234055
1982048
7401637
7490479
7903497
1787965
1542232
1582473
4500273
9042532
6176608
9828695
7219917
7372116
3728874
1529616
9364857
5931951
3629231
5337005
1132517
8397941
6264602
3594111
5578824
4808046
4658376
1687067
5194331
7256578
9461042
9389771
7607919
4079721
5690531
5448023
3118241
7391416
8690634
2968229
5202124
6059955
9926331
1583531
8677726
4539344
3130225
8062415
3791510
6354852
6171226
2888022
7275369
7336697
6168091
4001429
5682316
7985854
4403191
6877241
7178266
5804795
5957559
4607666
4934209
1430524
1400062
1674990
8498557
2541251
1656415
4959172
2544203
8693435
8758183
5403776
9991153
8527285
5456225
1528975
2603961
7411871
7615021
5414885
4740868
7705714
7887276
6401784
8442841
4281924
6921073
6628432
1778340
9591047
9647617
1629256
8764690
4455371
8851968
8192978
3536309
9128994
4327640
3365949
2377753
1573077
4646149
8444956
5705956
9379216
1270249
9487760
5747866
4019674
6325207
4675611
8900699
8678670
5426624
1421589
3606732
5523040
7116239
6581813
3737981
2308701
1783321
8400910
6286674
5511100
8874452
2760779
2300186
5017592
3567676
6037387
4154061
6244888
4395006
4317907
3019484
9169469
6873451
9640550
9317850
2525473
5348933
8766737
1586802
6651837
6823362
3838466
4761899
1856293
4592950
5014189
2373858
8069499
5408481
9048421
8957979
8676497
9395438
9487709
6537525
1920778
9902301
8213971
9483063
9810284
2293553
5222646
8010375
4591897
5618124
8486313
3386106
8212084
2522204
1485896
9051894
9913864
2861122
7711920
9679899
7723817
5567582
8678820
9841514
2912336
5631327
3576297
6323144
3598646
9678657
7943723
1152191
4440695
9282155
4130780
2935917
1219581
9066775
7175822
6917484
9236669
6305266
1584570
4439744
9698697
5703792
4715618
4135907
7675625
3509631
4856019
5401803
2687864
6209686
7197255
2852215
1425170
5493208
9652600
3203864
2484549
3049126
9722490
5913411
7292670
3064739
2141025
8107429
9594298
7410902
6610882
4418858
9093980
6128462
2090397
9185917
2787576
6576398
9651474
1676251
3367675
6540447
1409639
8670115
9855063
6398669
2244360
8876190
7733668
4553974
9605454
3024959
9526192
2522528
7629752
7226529
7494503
2700818
1324814
7502305
7613699
5023765
7577727
2265630
3020731
2357615
7709861
3911700
3379939
2456773
2973437
7232545
9802979
4882822
9491793
5973303
8666725
6247711
8407080
5898330
1698060
2232711
1905634
8300963
5926640
9181459
2481058
7757116
3032323
9986698
2748088
7019205
3037889
5097232
8586746
7397689
9630224
2884208
6401940
1417764
6835900
7356168
4070316
7015083
8555037
5347592
7381664
8880580
6981138
7740628
1373286
6906669
7574592
7152258
5886375
5052122
5039149
6505585
5258794
2085672
4079152
1319593
5085011
4266120
4756076
5775589
6160490
5825316
7573516
5816057
1821581
8006507
8979945
8069972
3455676
3077784
4473348
9256522
8200372
9668843
9702951
9889797
1224273
9093898
6596496
8704150
8561297
2697848
3924219
9823854
9702532
2589044
5011333
9813412
9228995
4104454
4143082
5572619
1499605
9932380
1689044
4156912
4382012
7404024
9413236
7728989
2506729
3670236
5172346
6305066
5430629
6151328
7675468
1686713
6608346
9581378
8585028
2453666
1426180
1183626
5748966
2875182
1838368
9577737
8779523
1897002
1587592
5273049
5461197
2410162
3580661
9486450
4789120
9725489
6989354
7209842
8656892
6261309
2684703
8278136
1466807
2441290
8051671
2096268
7524929
3648268
6452406
1898761
2960717
8196224
8024894
2558974
2892232
3318594
8582042
5219721
8027897
8702501
4283903
8516467
6013804
7202585
3215346
1611227
2553040
9991502
9395449
9124690
4338061
5244264
8315563
3749967
3832652
1157148
9637576
1596390
4134406
6390527
3827686
5194911
8522559
6369193
2566389
2345685
7603065
2856872
7034957
1902910
5865334
9650239
6339554
3018898
4792626
5868028
4442876
4561883
5233312
7325968
9315631
7950918
4794405
9109859
4224241
6129504
3235932
9189440
1386260
7219860
2150755
6722214
3843168
3501894
7066187
2269340
7560236
4655272
3755019
1590236
5138246
7442861
8425689
2888825
6378307
2552726
3207158
2597874
6018385
3661179
3965891
4203646
8373132
5760144
5388647
8051415
7110410
7303341
6079476
5914606
4764458
8410906
4433165
1692811
7353338
8305035
8059831
1808837
5325972
2583624
2264964
6454817
9100288
8738396
5909196
4796957
6614150
1504240
8976539
7980274
7436155
9255628
5274625
2726968
4995643
7194550
2757233
7259940
5504613
7277721
8824046
4200036
8124450
4741485
2822338
1137981
3337908
5755694
9189969
1809957
5228143
1474324
9298155
4145097
7930566
3315693
5117154
5787972
2331290
8473444
4116696
5381103
2597779
7136412
5452153
9435061
5505408
8797791
7825800
8946790
4499245
3906277
6450557
4893638
2672140
5057003
8898115
5549749
4460252
8149846
3161484
9126855
1490760
8515623
7314983
8227221
1669221
1283908
2015489
9486228
7822815
6789470
5743160
8716680
3691440
3294516
2736695
5752401
7612423
8684677
4024535
2645017
9225998
7807788
5870818
1983165
2007691
4983104
1149642
4798021
8541163
6571035
4726386
3353612
2683363
9378581
8894863
5110369
7190902
5115184
2309709
1440916
5249650
6566880
7031006
6122328
3453938
2255531
6742341
5681283
7123160
1379900
3112504
7037962
6593098
3774476
2574014
2764214
1684029
5112169
9379000
6106975
2553959
6563726
8339682
2658430
3751649
3910734
3055101
4094130
3937844
4787236
1514504
3150564
9359222
5708345
1675482
9897015
9043953
9091369
1213050
5822791
1414107
4503504
3330744
8005919
6997593
1128979
7909861
3313784
5929628
7739078
7554921
8080036
3691414
7598253
1505746
3800576
3409706
8304156
3046964
2232637
4574372
3367886
9789538
5433393
3984529
7662688
6501191
9886910
2221751
3024759
1311308
9673810
2009841
9732901
2230300
4362710
7333830
1638451
6803622
5591151
5706952
2292900
3896697
5606996
3784432
5561896
1991411
6296819
8697571
2982951
8804258
2803250
8797035
6264629
4547582
2055060
1674542
7090222
3042782
3781482
8673686
6984548
6700582
4322904
2888441
7026219
8114475
8026732
4374508
1515322
2147250
6485827
7608394
6510205
1809596
3503359
1843116
3617893
1360039
3079096
6890256
1768146
1852301
3298001
1277883
8143902
3959132
7971498
2924937
2831556
8022905
6849102
5696349
8610854
9780035
9930184
2765858
1953716
2536125
1735609
5259187
8467998
6774413
4704855
1222506
5635872
9463367
2336747
5607766
1859862
3815126
7219397
8435623
2302090
2298211
5090345
2693570
8820817
3471124
1334243
7834155
3367687
2773316
9165812
1193110
5617000
2491248
2810561
7672192
1826022
1442919
5416344
9849403
1545044
3410704
9997493
8209227
8976567
2742677
2210734
7190487
4465251
8111374
6292761
7520954
1653668
3163853
6686597
8485762
2832728
2531435
2511947
3890073
6341919
2914612
5045434
9956681
9280515
7713816
8696387
7669399
4592741
3738235
6461708
3802071
4150902
1688593
1604694
8955100
9868894
4398670
3912960
7848487
3386752
9092330
7984372
5187415
3037048
9569372
3817300
6927244
2929087
8289616
8984186
8671570
6899981
5088727
7417689
2813868
2177265
9709331
7874130
2232261
8294804
8661956
4511000
7784674
8615141
1920735
8086017
8907002
5323808
2201077
2436992
4910116
2574805
8444375
6379963
6806504
4000165
1142153
7650086
3888920
9315946
5872232
4878406
7528749
7328661
2204616
4321844
4047110
6683748
7943504
2970478
9434218
2242449
8114869
5577044
3197540
2649926
5467271
5576844
9185914
4441412
6701488
7231069
3504608
4465503
7596962
7955551
5446750
7099487
1416373
6530366
6168914
7451492
2941195
7908836
7920397
1452893
4110962
5734006
7739076
8627472
5711228
3586954
9165393
1232905
4724445
8417128
9705382
2402201
9558777
2680731
2921644
7186667
9748642
3441811
7647947
8649578
4541363
6035459
2453107
4125494
9188037
4981485
8388125
9081380
8232568
4870211
2152345
4709721
7344867
4214973
6310332
4607567
6596095
8802695
1259740
7428113
1156334
8418688
9519743
9964739
6902788
2459858
5041497
8527791
3349590
3196924
5442664
6864140
3730692
7087846
8421111
5645600
5037885
4726643
4974887
2887262
7915537
2164027
5961754
5107766
3524758
4707126
5370437
7877929
3408454
3314416
8866197
4712497
7997142
3731892
9391085
1155617
4015112
5088036
8456333
8939406
5045815
3024030
1333760
9998638
8870912
9023682
9632921
6058787
7891093
6108943
2786956
9435027
4165167
2273800
4223543
5226915
4715698
7234855
3734997
9024929
3507055
6226677
8394634
5086472
2825791
1448944
1635655
5020228
6152052
6318276
3426827
8960405
7335530
9939428
2141515
2281424
6027385
4698713
3378176
5471500
1690928
4419857
4411891
3503754
6810570
2580531
9110012
9243133
4168864
2503544
3943009
9764173
3973481
8660637
4998230
7207420
4626201
2587639
2828220
8685490
8968717
2470970
2834584
1724055
5308742
6957633
1671226
9649787
6181612
1887853
1721967
8764425
9898461
6642876
1358497
8363243
8963535
5899625
5465011
1932081
9848226
6488402
3154230
4205714
7940371
9526690
6572290
4062483
5211929
8938857
8526961
7311085
2009740
7403162
2011175
1703144
7801945
8319470
4207410
4790077
8624264
2371120
5125622
4394646
3233373
4618802
6830465
8380813
6838841
9756463
4519290
9820469
6402385
7291840
8672882
7975456
7985621
8897048
9049840
2602129
9683537
8789788
9572232
6294581
7401034
2448354
8104448
7802939
8844575
3068949
8273966
5341650
4377424
9597628
6347757
2685078
2434737
3617475
8231078
3375587
7712341
8550269
9547860
6378209
3071270
3161972
9159617
3328379
3517221
6431605
1838128
8343771
6258989
4330784
8639672
3013737
1223777
6672246
2208782
7263544
1947434
7454442
8672780
7612233
4641770
5608550
3578674
6468980
6098689
8488043
4615463
9347929
2495957
5798481
7230725
2569865
1416833
9407997
2151311
2600157
9340661
2944023
9887723
6586260
9384409
2069571
6196799
5620040
5112341
2657519
7195846
4597913
8132428
8757458
4546423
1289258
8409338
7369401
5790064
9050031
1719240
5960854
9411167
9440688
6342209
3109881
7621595
7795908
7489764
7495077
6895736
8036335
1180611
6730110
3452335
1890516
3903019
1513637
7346558
8726123
3234647
5716836
1235710
8202815
4218107
2104412
7982282
8598891
3335855
1742754
1741266
8227301
4779221
8087852
4209192
6923545
6031973
6474440
3296363
5305637
2805411
1942452
8680227
7224519
2841249
7532469
3036617
9721258
6738034
7829609
7250322
9681161
8274745
7197512
2836980
6262243
1769102
6042412
3799040
6420057
8825935
2888063
5937620
6602549
9829558
8258038
9531474
3248741
4396563
6042150
6764440
1769146
2231762
6282504
4838342
2564499
6475777
3035320
4733332
4402063
6093879
8561048
3014450
8855271
8202289
4807038
6436924
9217324
8178163
6812810
8432081
6459284
2548866
7961164
9992466
9166189
6901033
5014009
5907824
9558639
9048111
1529622
8995010
5842520
1783464
4437752
3923282
2682645
5071032
6026503
4692941
8488893
3163244
8136327
8209011
1806718
6272921
5115558
1340719
8777664
9710496
2438200
6861290
5249578
9031953
8362711
3979206
1518989
4257484
7957319
1381484
5610773
7964498
4167122
8805176
7561524
3674905
9340118
1992024
4594343
6280657
6310183
1960641
4197292
9086315
4226769
8292596
2333568
9066633
5436480
7886091
7158811
7435104
4538985
7856680
9699213
1524420
3146474
4049384
2383624
6578494
9437016
1666852
6625156
8526540
7016884
9652087
1197953
7894770
5823650
3571188
8153604
3734737
2420514
8123883
9659233
5242226
4582186
6766723
7742511
4904259
5663550
3647899
4660940
4654958
2244247
8778002
1922211
8140330
5993029
7983216
8164490
9885115
7043196
5683830
2576411
7563855
4348715
3468358
8213624
3485261
8763940
5732952
3340194
3859314
5599062
6797708
4791117
2744032
1828649
8016481
2210959
9540903
9608647
8776309
5416036
1630750
3517162
6250315
1144197
9971496
9139992
7452445
4766458
3315805
5046712
7244206
3912230
5451014
1235783
2750204
7552947
3774220
4576775
5592878
9424735
4095776
1484208
3172798
9349468
6045383
2725030
3866160
4029953
9496228
2018626
1632654
7301328
1200915
1854693
4594777
7561847
6540210
5610442
3415441
8620502
7968436
6591501
6745927
8142858
1148805
9298801
2046413
9898172
9334381
5483488
2807701
9867140
2644499
9415979
9968854
7571968
8125936
1552957
4378355
3315966
4123456
3547088
2287626
2692756
8857532
5677775
7085458
2232028
5965262
3301664
4778854
4991666
6839975
4815058
2932413
6544365
9003905
9787668
1507943
4546100
6625574
4084297
4174415
7436940
1517959
7876573
2555372
4460415
8435580
6643619
8159185
3461437
9036065
5979633
2839014
4554034
2284449
5727141
3956833
7701229
1465680
9398892
5931535
6340460
6733913
3342506
4330920
6828171
7134132
7791685
7159609
4226546
4264428
4570332
7564214
3861397
2281608
7637845
4295363
9177683
6858203
3276271
9260272
3575544
1264598
3904606
7747064
6345994
6734197
6854394
2517525
1969511
6551005
7484009
9772070
4519209
4836565
3343009
8045774
5882481
4819519
3031687
8928412
2209398
9784557
6424043
8299340
5999895
8576977
1253936
6253563
6227706
1990944
9239941
4296367
8085096
3716959
1225514
7086683
6941830
6823647
1411453
3258966
3215853
7424867
8840206
8568336
6046837
4382392
4777339
5024638
8906080
5298224
1454529
5292485
6571594
8738485
4609642
8459147
9731681
5757008
8952675
2443743
8818774
4129112
4437571
1357176
3876988
8087875
4188116
1608034
9830477
6220750
1224045
8807861
7687174
7670544
3118174
9964492
8149287
1251428
4609261
6077460
3827294
8431846
2057649
6127846
7102112
3037012
8843502
7479358
8280622
8912076
3988901
7657189
9184551
9873765
6243808
6967998
1796610
6779463
8931195
6116416
2684347
8210942
2692974
2539141
3923691
3293673
3215578
1661998
2970209
8812357
3771614
4588249
7763367
5199479
2685571
8904750
9091230
4632158
1312459
5643424
5006304
5098857
8646715
8439357
2256637
6325937
8515516
5408691
4663995
9001264
6200804
6640155
2109778
3233402
3558002
2263799
7916059
8529553
6272122
7547079
3099340
2384860
7448433
7385591
7542501
3091840
7141234
1244271
6564954
4230158
6477366
8755224
5218377
4494536
2963594
8492929
8674923
1751361
5311464
3749560
8476586
9058322
6696318
3628279
4565449
7813743
4753827
4359609
1473969
2398714
2977398
5371227
6238725
3049485
6296425
5009938
2619242
3644640
3893217
5154057
5132014
3638278
7859786
2527731
2956209
5012116
7425383
4381930
4228395
3042825
3291827
8864235
2784209
7797728
9638282
9463822
2260176
6700633
4094395
5795674
3127284
2755159
2559687
6066178
8362380
6435436
2761527
1489889
5422633
8965493
7905132
7956999
5643924
9568438
4287948
4495587
6590864
9624906
9001737
9617455
8022712
6907365
8227940
3088682
6883657
7550746
9582854
8367542
4419392
1499750
4332841
6415332
3970400
5136087
9192844
1570468
7119456
8085130
1607716
9870364
5102164
1222607
6618931
8865959
2634694
1478958
6781282
7999821
6492093
2325396
5276821
8194602
2550383
5492417
7035268
3752854
6734104
4952054
1873736
1623348
9568802
4134748
1736636
2864492
5900136
3314366
1912761
2663545
8564117
2222257
9077364
5998847
6235713
8851283
1536192
6049371
5026345
5503688
5044233
7424146
5219745
9905513
1929765
5221809
4435301
7369359
4940877
2709481
5122876
9891363
7492944
8806770
3849352
5237636
6217397
8425495
9480870
9611846
3436986
6069075
4712738
1957610
1679540
4338788
1663349
7662499
5618568
7457023
7807119
8685340
3151615
7102267
8935563
4266398
2838561
3232449
7170842
9449138
2118120
6147789
2642427
9290194
4654473
5494761
4990064
9056322
5389282
1634627
1944368
7969359
9536963
3065622
7202283
2244809
6339306
2863127
4415536
3596449
9487449
5914511
7263906
3059514
3909391
8575833
5783044
3054316
4386307
9793872
4795411
3522524
9398161
7796059
7547570
7437375
5385077
6033892
8959525
1972423
6653831
5733778
7899361
2952312
1125269
4258971
7749874
7185494
7136560
5300297
1819754
2100895
4384238
9096817
7997983
8767208
3299497
9519352
1253736
6738798
5871424
2464648
4607092
2874504
2150447
5141530
9296090
5756366
9486654
6443489
3029898
3600745
1434654
2366305
5976707
7123269
2254205
7163975
9640835
5356404
7077170
4982269
6174422
6583745
9287659
4582631
9219894
8063739
3567256
2394425
2530097
9608055
8682584
1712213
8290858
4686802
6427203
3672296
7956463
2158433
8194522
4595624
6394284
3356589
5018186
3801212
5461332
8718292
2332891
8555446
8186165
6994559
2453060
1853730
6447203
4576514
2959232
3874057
2533212
1899864
8530203
9172095
5694161
6799363
4944799
5185459
2311982
5846558
1642174
3503463
5507178
3397320
1209380
6731713
7965532
3330410
9349711
9165220
5424059
2619838
2485781
8988939
9770015
7082752
9686644
2800296
6059507
5168711
9172190
9438409
6146676
6299688
3163222
8759076
5269347
8333372
6151895
9620046
9149334
2608156
2971211
9941211
4351332
4187635
9186719
6375315
6241617
8545801
7206382
5535961
3466403
7215818
9137162
6508918
8213704
3467572
5786514
7900616
6683349
8842929
3732888
9066964
4839628
5359264
6586779
7882718
2763395
1909419
1211536
3141338
3636758
6018846
7867800
6504912
1680934
2434840
2047296
8755034
1582544
7588541
5224201
2753222
6161665
9919979
9577498
7058057
7727209
2151646
2850667
2514495
9899713
2936408
1522152
6458218
6651106
4272209
9176890
9049749
2477054
4176106
6803429
6846834
3355636
7809196
8905655
2549494
8911395
7555104
4998185
7385484
5720591
5004265
8358536
3780718
6491210
8251268
9673282
9734417
4475126
6238615
6253082
2065322
5381754
7149972
2632590
5830950
4663738
7946680
1473161
7100405
1764055
5587041
9196924
2037518
6343148
4822540
5960400
6139042
1134968
2747197
8141532
6868725
8794501
5306632
4427424
5038950
5453319
4809689
6073558
6061041
3334439
3030654
7295023
8276446
6304923
4665582
8435182
3939631
4045919
8750938
7653162
1937190
5906263
7366452
4972900
9783195
5161074
4981087
9039271
5434071
5002513
4957198
7835698
3348359
9747366
2710958
8689286
3140783
4059784
2622062
9911441
3552172
9378995
7773770
3918657
9134063
8055109
4924658
7587633
9381509
2072405
8475682
3893544
4157578
6635506
2378697
6526029
8746658
8893951
9481490
3332851
1549700
3976888
7499380
1762430
8520099
5541389
7936978
2066487
5277794
5760535
3993634
7304948
8816874
5302213
3365986
6246748
9419027
1319618
7191308
4936299
4191282
4543449
8909298
1507230
4492000
8528906
7822259
5957022
1554479
7281930
2241690
2467126
6829129
3262363
7161656
7188951
1404807
6293190
3954567
5503851
7316992
1463778
8962784
4670508
6439848
4049855
8833385
7409450
3192122
5629707
9114273
9679600
6961131
2609367
7596886
7952728
1339484
8847432
8091398
6814874
6608297
9274313
7170537
3866767
8589492
8022713
8069206
2281555
5702436
7188240
5253457
7457256
8756941
3474388
7382369
7624718
5751928
9306748
8722634
4555663
2442826
1798313
9659955
6587070
6801782
6499029
2754776
7337477
1459823
8143189
8344725
9885366
6524346
8431612
4549149
2214383
9732707
7027760
1588215
6878933
8037752
9627562
7199823
7980774
1209957
2808841
4306030
5885608
9230994
5590331
8475843
3878446
2344286
3002259
6183336
4342168
8170730
4183159
6409163
2048903
4109131
9447581
9397159
7176644
6999049
2183072
9764834
1591856
6945778
3436978
5787479
6114126
5226486
1720202
6401606
9717080
6245564
7917494
9181885
2185238
2642660
1384448
6225957
4425440
6124410
2053520
6276551
8516261
3363613
2579668
4650710
7787781
5348175
2483506
1453280
9638597
6577973
5025841
8241413
6470078
7233717
4728407
5745062
3707057
7229141
8848020
8231758
6728676
6303631
8891991
8110894
5706081
7972990
7913798
9737461
2549363
5822856
1636212
9097355
4538590
5726223
2488266
3044518
9815150
4436120
7216046
8890032
7257603
1251296
9357022
3020528
5399488
1869572
3078543
8600300
4624675
3380461
1858922
6129226
9148678
6347482
2111156
7244944
3483268
7254283
5545093
9799860
6804653
4664191
7345401
5608427
8426416
7342245
9545442
1170685
7613327
5942740
1264737
1460407
3821080
2695678
7918535
8706368
6582140
8445679
3746888
4825130
6677636
8790882
3940920
3286411
6329812
7930876
5799138
5686479
6358149
3274486
5567615
7549407
9447509
2295312
1701429
9434236
2722074
4279743
1755137
7697184
7482068
3660897
6770992
3673376
4768007
4029252
6938910
1518439
7359844
8380059
8886900
2047821
8158870
4709037
8503732
6308140
4267537
8912344
1162401
7093753
3568669
4359553
9161462
6950350
1921632
6471774
3907157
2033273
2054889
7913310
8899060
8700346
7707148
2552045
6851003
1956897
8952393
2960607
3130985
8753915
4834299
5363787
1212634
3636851
8190864
8734851
5099803
7624152
7222766
3648494
3920114
8353308
2544808
5408862
9531528
6400766
8602851
9950137
4853785
7852504
8853376
7255426
7822696
3669646
9019482
1533874
1535472
5707920
9951863
1347491
1902429
3231388
7723557
1576757
2174457
9781646
5881535
7508560
4108696
4184897
2739549
8975741
6686734
8638328
1341973
8054041
5447513
4278175
3848553
8755093
3644171
1114369
1212167
4238951
9236803
6503060
9683407
2788503
6204972
7136199
5679360
7521554
4062617
3622303
7188960
4314159
2550328
7194125
3275540
2845469
3183957
5381827
8825769
7590568
1119193
7619082
7031184
1456026
8808552
4285366
9060458
3869741
9163454
7660977
6923169
2795276
5445497
2487828
9825431
7407673
8187987
5837840
4234913
1490663
9079201
3559467
2828459
2797530
9782238
2118108
3656799
6579112
6637420
3064954
3093372
7071132
8367284
7217523
7077875
8725068
5964577
9414071
6029225
9391956
2327983
6183702
8619748
9815802
2483665
2853093
9553220
8944604
1656233
7487357
1506146
1418412
1576640
6529226
7463005
9205536
8283955
8960111
9676986
2673414
2695602
1167279
9424957
5179176
6870392
8883585
8470312
7275826
5587255
3522596
6973087
2562741
5642644
5093724
3941938
8233117
4259910
6140065
6931983
9040127
5001833
7728961
9309364
8895442
4850387
6784953
6665653
2177035
4591345
3341110
7615353
3969700
4425651
9391491
6178555
5048351
4112491
2497373
7433973
4694465
3252752
3753895
3447606
3006650
5227865
4417896
3307834
5266692
3123826
6419134
2181337
5337934
7584789
1120013
5451821
4351788
1300882
3039001
8928553
1738063
6915795
9987944
4925843
7552956
6541199
7489140
9402509
8237970
6264049
8781232
7872749
6958015
1197209
7336090
3643299
9160964
6426109
8325728
3664638
7520240
3899349
8101776
2443039
7843949
3742474
6997848
8480420
4557108
9488017
6089060
9673957
6137825
9634418
9453227
7203482
3076789
8594050
2478770
6585642
8132236
3334727
5611610
3797923
3585469
7234683
7838759
6350806
8388215
4228309
7963344
5348116
5548707
1597805
2488082
3860428
3352304
9087391
3927292
4934125
5955992
5865962
9894746
5933090
2045118
7432933
2806587
2910875
2674789
1295462
2601457
1209717
3755265
2290677
3188804
9627488
6820754
5359020
6840657
6119506
8212175
1114672
4764904
2283576
8374482
7037871
6764089
5159534
3749453
9137222
8928404
7720313
4723256
3840151
7763831
7384284
7422421
5207385
5539634
2056159
9583445
7117436
4162078
1859875
2606717
8979465
8494158
2302582
3459939
2186714
3554149
6556683
7323818
8034338
7510602
4644298
3414503
1143545
1369054
6139864
8928805
6059299
7927650
6293369
8465870
2930206
6556069
3800074
1318421
2268717
4893954
3394844
2525649
6866281
5070602
3666005
3694570
7650150
5691106
6931054
1857757
6430032
4823466
2101224
6572844
4179579
7916172
5587210
2867042
6145229
6325013
3006186
4386642
2801416
2518914
9883424
8051035
6866780
3415427
3104759
